t	y
0.000	0.000
0.033	0.002
0.067	0.008
0.100	0.020
0.134	0.033
0.168	0.042
0.201	0.050
0.235	0.052
0.268	0.051
0.302	0.050
0.335	0.050
0.369	0.052
0.402	0.056
0.436	0.061
0.469	0.069
0.503	0.076
0.537	0.082
0.570	0.087
0.604	0.089
0.637	0.091
0.670	0.093
0.704	0.096
0.738	0.098
0.771	0.103
0.804	0.108
0.838	0.113
0.872	0.118
0.905	0.123
0.939	0.127
0.972	0.130
1.006	0.134
1.039	0.137
1.073	0.141
1.106	0.145
1.140	0.150
1.173	0.155
1.207	0.159
1.241	0.164
1.274	0.168
1.308	0.172
1.341	0.176
1.375	0.180
1.408	0.184
1.441	0.188
1.475	0.193
1.509	0.197
1.543	0.201
1.576	0.205
1.609	0.208
1.643	0.211
1.676	0.214
1.710	0.217
1.743	0.221
1.777	0.224
1.810	0.227
1.844	0.230
1.878	0.233
1.911	0.236
1.945	0.238
1.978	0.241
2.012	0.243
2.045	0.246
2.079	0.250
