t	y
0.000	0.000
0.034	0.004
0.067	0.015
0.101	0.028
0.134	0.038
0.168	0.042
0.201	0.039
0.235	0.035
0.268	0.034
0.301	0.036
0.335	0.040
0.369	0.046
0.403	0.053
0.436	0.057
0.469	0.059
0.503	0.059
0.536	0.059
0.570	0.060
0.603	0.062
0.637	0.067
0.671	0.071
0.704	0.075
0.738	0.078
0.771	0.080
0.805	0.082
0.838	0.084
0.872	0.086
0.905	0.089
0.939	0.092
0.972	0.096
1.006	0.099
1.040	0.102
1.073	0.104
1.107	0.106
1.140	0.108
1.173	0.111
1.207	0.114
1.240	0.117
1.274	0.120
1.307	0.123
1.341	0.126
1.375	0.129
1.408	0.131
1.442	0.134
1.475	0.137
1.509	0.140
