t	y
0.000	0.000
0.034	0.002
0.067	0.010
0.100	0.019
0.134	0.030
0.167	0.040
0.201	0.045
0.235	0.043
0.268	0.041
0.302	0.039
0.335	0.040
0.369	0.043
0.402	0.047
0.436	0.053
0.469	0.059
0.503	0.065
0.536	0.067
0.570	0.067
0.604	0.067
0.637	0.068
0.671	0.069
0.704	0.072
0.738	0.075
0.771	0.080
0.805	0.083
0.838	0.087
0.871	0.089
0.905	0.091
0.939	0.092
0.972	0.094
1.006	0.096
1.039	0.099
1.073	0.102
1.106	0.106
1.140	0.110
1.173	0.112
1.207	0.115
1.240	0.118
1.274	0.120
1.308	0.123
1.341	0.126
1.375	0.130
1.408	0.133
1.442	0.137
1.475	0.140
1.508	0.143
