t	y
0.000	0.000
0.034	0.002
0.067	0.010
0.100	0.019
0.134	0.030
0.167	0.040
0.201	0.045
0.235	0.043
0.268	0.041
0.302	0.039
0.335	0.040
0.369	0.043
0.402	0.047
0.436	0.053
0.469	0.059
0.503	0.065
0.536	0.067
0.570	0.067
0.604	0.067
0.637	0.068
0.671	0.069
0.704	0.072
0.738	0.075
0.771	0.080
0.805	0.083
0.838	0.087
0.871	0.089
0.905	0.091
0.939	0.092
0.972	0.094
1.006	0.096
1.039	0.099
1.073	0.102
1.106	0.106
1.140	0.110
1.173	0.112
1.207	0.115
1.240	0.118
1.274	0.120
1.308	0.123
1.341	0.126
1.375	0.130
1.408	0.133
1.442	0.137
1.475	0.140
1.508	0.143
1.542	0.147
1.576	0.150
1.609	0.153
1.643	0.156
1.676	0.159
1.710	0.163
1.743	0.166
1.777	0.170
1.810	0.173
1.844	0.176
1.877	0.179
1.911	0.182
1.945	0.184
1.978	0.188
2.012	0.190
2.045	0.193
2.079	0.196
2.112	0.198
2.145	0.201
2.179	0.203
2.212	0.205
2.246	0.207
2.280	0.209
2.313	0.212
2.347	0.214
2.380	0.216
2.414	0.218
2.447	0.220
2.481	0.221
2.514	0.223
2.548	0.226
2.581	0.228
2.615	0.230
2.649	0.233
2.682	0.235
2.716	0.236
2.749	0.238
2.783	0.240
2.816	0.242
2.849	0.244
2.883	0.247
