t	y
0.000	0.000
0.033	0.002
0.067	0.011
0.100	0.027
0.134	0.041
0.168	0.057
0.201	0.070
0.235	0.078
0.268	0.079
0.302	0.077
0.335	0.075
0.369	0.075
0.402	0.076
0.436	0.080
0.469	0.088
0.503	0.097
0.537	0.107
0.570	0.117
0.604	0.125
0.637	0.131
0.671	0.135
0.704	0.138
0.737	0.140
0.771	0.141
0.804	0.144
0.838	0.149
0.872	0.156
0.905	0.164
0.939	0.172
0.972	0.180
1.006	0.186
1.039	0.191
1.073	0.194
1.106	0.195
1.140	0.196
1.173	0.198
1.207	0.201
1.241	0.205
1.274	0.211
1.308	0.217
1.341	0.223
1.374	0.228
1.408	0.231
1.441	0.234
1.475	0.235
