t	y
0.000	0.000
0.034	0.004
0.067	0.015
0.101	0.028
0.134	0.038
0.168	0.042
0.201	0.039
0.235	0.035
0.268	0.034
0.301	0.036
0.335	0.040
0.369	0.046
0.403	0.053
0.436	0.057
0.469	0.059
0.503	0.059
0.536	0.059
0.570	0.060
0.603	0.062
0.637	0.067
0.671	0.071
0.704	0.075
0.738	0.078
0.771	0.080
0.805	0.082
0.838	0.084
0.872	0.086
0.905	0.089
0.939	0.092
0.972	0.096
1.006	0.099
1.040	0.102
1.073	0.104
1.107	0.106
1.140	0.108
1.173	0.111
1.207	0.114
1.240	0.117
1.274	0.120
1.307	0.123
1.341	0.126
1.375	0.129
1.408	0.131
1.442	0.134
1.475	0.137
1.509	0.140
1.542	0.143
1.576	0.146
1.609	0.150
1.643	0.152
1.676	0.155
1.710	0.158
1.744	0.161
1.777	0.164
1.810	0.167
1.844	0.170
1.877	0.173
1.911	0.176
1.944	0.179
1.978	0.182
2.012	0.185
2.045	0.188
2.079	0.190
2.112	0.193
2.146	0.195
2.179	0.198
2.213	0.200
2.246	0.203
2.280	0.205
2.313	0.208
2.347	0.210
2.381	0.213
2.414	0.215
2.448	0.217
2.481	0.219
2.514	0.221
2.548	0.224
2.581	0.226
2.615	0.228
2.648	0.230
2.682	0.232
2.716	0.234
2.749	0.236
2.783	0.239
2.816	0.240
2.850	0.243
2.883	0.245
