t	y
0.000	0.000
0.034	0.003
0.068	0.006
0.101	0.008
0.134	0.009
0.168	0.010
0.201	0.010
0.235	0.011
0.268	0.013
0.302	0.015
0.335	0.017
0.369	0.018
0.403	0.019
0.436	0.020
0.470	0.023
0.503	0.025
0.537	0.027
0.570	0.027
0.604	0.029
0.637	0.030
0.671	0.032
0.704	0.033
0.738	0.035
0.772	0.037
0.805	0.037
0.839	0.039
0.905	0.041
0.972	0.044
1.006	0.046
1.040	0.046
1.073	0.048
1.107	0.050
1.140	0.051
1.174	0.052
1.207	0.054
1.241	0.055
1.274	0.056
1.308	0.058
1.341	0.059
1.375	0.061
1.409	0.062
1.442	0.064
1.476	0.065
1.509	0.067
1.543	0.068
1.576	0.069
1.609	0.071
1.643	0.073
1.676	0.074
1.710	0.076
1.744	0.077
1.777	0.079
1.811	0.081
1.844	0.082
1.878	0.084
1.911	0.086
1.945	0.087
1.978	0.088
2.011	0.090
2.045	0.092
2.079	0.093
2.113	0.095
2.146	0.096
2.179	0.098
2.213	0.100
2.247	0.101
2.280	0.103
2.313	0.104
2.347	0.106
2.381	0.107
2.414	0.109
2.448	0.110
2.481	0.112
2.515	0.114
2.548	0.115
2.582	0.116
2.615	0.118
2.649	0.120
2.682	0.121
2.716	0.123
2.750	0.124
2.783	0.126
2.817	0.127
2.850	0.129
2.884	0.131
2.917	0.132
2.950	0.134
2.984	0.135
3.017	0.137
3.051	0.139
3.085	0.140
3.118	0.142
3.152	0.143
3.185	0.145
3.219	0.147
3.252	0.148
3.286	0.150
3.319	0.151
3.353	0.153
3.386	0.155
3.420	0.157
3.454	0.158
3.487	0.159
3.521	0.161
3.554	0.163
3.587	0.165
3.621	0.166
3.654	0.168
3.688	0.169
3.722	0.171
3.755	0.172
3.789	0.173
3.822	0.175
3.856	0.177
3.889	0.179
3.923	0.180
3.956	0.181
3.990	0.183
4.023	0.184
4.057	0.186
4.091	0.188
4.124	0.189
4.158	0.190
4.191	0.192
4.225	0.193
4.258	0.195
4.291	0.196
4.325	0.197
4.358	0.199
4.392	0.200
4.426	0.202
4.459	0.203
4.493	0.204
4.526	0.206
4.560	0.207
4.593	0.209
4.627	0.210
4.660	0.211
4.694	0.212
4.727	0.213
4.761	0.214
4.795	0.215
4.828	0.217
4.862	0.218
4.895	0.219
4.929	0.220
4.962	0.221
4.996	0.222
5.029	0.224
5.063	0.225
5.096	0.226
5.130	0.227
5.163	0.229
5.197	0.230
5.230	0.231
5.264	0.232
5.297	0.233
5.331	0.234
5.364	0.235
5.398	0.237
5.432	0.238
5.465	0.239
5.499	0.240
5.532	0.242
5.566	0.243
5.599	0.244
5.632	0.245
5.666	0.246
5.699	0.248
5.733	0.249
5.767	0.250
